303
864 154
394 626
748 246
92 902
414 602
370 660
156 810
650 350
172 790
66 936
568 410
116 874
18 1000
646 356
990 18
590 406
974 30
472 536
968 34
52 952
502 498
88 906
782 214
44 960
432 580
376 658
638 364
36 970
88 908
612 384
636 366
810 200
878 128
696 292
104 894
938 58
474 536
952 42
354 672
408 620
838 170
668 330
326 684
666 338
456 562
26 988
418 596
298 708
730 264
132 850
788 210
218 772
996 14
1004 12
962 36
332 684
566 412
932 66
834 182
118 870
164 802
832 188
988 26
120 870
640 362
552 446
346 678
906 82
952 48
756 240
726 270
812 190
748 244
380 640
426 586
268 746
560 420
840 162
724 274
516 476
302 700
554 442
178 786
40 966
142 834
160 806
452 568
638 366
136 842
652 348
418 592
594 406
464 552
484 512
154 818
438 578
942 54
764 234
218 772
854 158
970 32
778 216
108 890
2 1006
134 850
744 252
934 60
658 342
632 376
378 644
530 460
194 780
502 506
936 58
504 494
648 354
824 190
638 364
360 672
382 638
604 392
988 24
856 156
30 976
364 666
650 352
506 480
678 328
78 918
902 90
484 514
764 234
70 932
92 902
50 956
100 900
306 690
706 288
860 156
146 832
480 526
192 782
206 780
44 960
896 106
64 944
934 66
984 26
442 570
142 832
150 824
36 970
252 748
726 274
470 542
122 856
876 136
16 1002
226 764
518 472
718 276
418 590
876 130
482 516
488 510
240 760
410 616
242 756
476 536
554 442
526 468
598 394
532 456
568 410
978 26
972 30
208 780
738 260
222 764
714 276
784 212
288 714
680 326
410 604
540 450
134 850
530 464
154 822
430 582
902 90
32 974
734 264
292 710
20 998
526 466
504 482
834 180
860 156
886 120
74 920
1004 8
24 990
896 108
394 626
1010 2
534 456
420 588
356 672
246 752
316 686
374 660
60 946
460 558
176 788
776 224
914 76
164 796
388 628
738 256
888 112
732 264
50 958
6 1002
618 384
846 160
692 302
776 224
708 286
944 52
440 572
708 284
578 408
680 310
610 386
996 12
964 34
552 444
806 202
676 328
618 384
128 852
680 326
594 398
756 238
272 736
162 802
42 962
684 310
186 782
928 68
38 970
436 578
688 308
920 72
362 670
214 772
762 238
660 338
596 396
376 644
970 32
166 792
370 662
788 208
652 344
354 678
926 72
954 40
178 788
410 618
498 508
292 714
744 254
126 854
776 218
788 210
416 598
866 144
316 688
798 208
776 220
546 446
130 850
642 358
160 802
522 468
556 438
944 48
640 362
690 306
288 720
302 704
72 924
388 632
282 724
386 632
140 836
464 558
248 748
558 428
880 126
990 22
694 302
