1000
1684 1656
1732 1626
554 2794
2762 558
2220 1056
1336 2036
724 2640
360 2986
2680 668
2578 766
1908 1438
2292 998
1078 2302
770 2584
1074 2304
1270 2116
2470 858
46 3286
2244 1030
2260 1012
1284 2092
2940 362
1972 1378
1382 1984
1514 1834
40 3298
84 3260
154 3214
958 2436
3120 178
1672 1672
454 2892
766 2586
1298 2074
1434 1934
432 2906
2100 1192
810 2550
706 2660
756 2614
2418 898
2122 1178
3250 66
2788 524
1332 2042
1358 2008
2304 990
1488 1848
2374 956
1458 1884
2958 330
3294 30
2244 1034
3210 98
3226 88
2834 482
2780 532
2704 630
2402 928
836 2524
2096 1196
2796 506
1166 2236
1340 2018
2136 1146
2412 910
88 3258
556 2786
3170 134
3294 26
1642 1688
2674 674
42 3290
134 3242
138 3240
1132 2256
792 2576
1272 2114
2392 936
2666 688
1454 1888
2270 1012
2962 330
1092 2286
694 2666
2442 878
990 2392
3106 182
1178 2206
2220 1056
902 2494
2794 514
1486 1848
3094 196
142 3224
2312 990
614 2750
2970 322
1860 1498
2882 414
498 2858
2532 812
234 3120
2140 1130
1672 1672
3226 86
736 2630
1824 1518
1572 1754
574 2778
3142 172
168 3204
2546 800
890 2498
880 2504
824 2532
956 2440
644 2696
602 2750
3110 182
1776 1562
3002 280
3318 6
3028 264
2698 632
526 2838
444 2898
2708 624
3124 176
2090 1206
802 2574
2538 806
2998 286
1320 2048
592 2754
1034 2344
2210 1082
326 3034
1228 2176
478 2868
2952 336
982 2400
2126 1166
2312 986
2728 590
2174 1112
2766 556
464 2876
1348 2010
3172 130
2808 502
558 2786
2938 366
752 2618
952 2448
2752 562
1378 1994
2198 1098
142 3220
1558 1758
620 2740
3106 182
1356 2008
404 2940
2014 1294
1386 1972
1072 2312
2328 980
1482 1858
2366 964
944 2460
2750 564
2886 400
2492 836
1116 2272
1452 1928
2614 730
3174 130
664 2680
422 2916
964 2424
328 3026
996 2380
1474 1866
1980 1332
1298 2082
2488 838
1118 2268
192 3192
1546 1792
2852 452
1978 1360
1644 1686
2728 590
2384 946
2706 628
1902 1448
1256 2132
398 2948
1556 1774
2268 1012
700 2664
1574 1746
2864 446
282 3088
1044 2320
506 2844
324 3036
1980 1332
98 3250
696 2666
714 2642
1174 2216
1718 1632
1002 2364
3330 6
666 2676
2412 898
3188 118
644 2696
2704 630
1884 1460
162 3210
1418 1944
1548 1782
932 2484
2608 740
1946 1412
3304 20
2042 1272
2102 1192
358 2998
122 3246
2966 326
2978 298
1632 1696
1690 1650
1676 1662
3090 200
354 3000
2660 696
138 3240
2378 948
2158 1114
394 2954
78 3278
2838 474
1516 1812
2548 794
1012 2362
2684 666
1582 1736
1934 1426
978 2410
640 2714
684 2666
1886 1456
392 2962
2604 740
3312 14
544 2806
2540 804
3086 206
3072 206
2766 540
296 3078
296 3078
1130 2256
1556 1772
3106 182
1226 2186
3144 170
1600 1732
1142 2248
1160 2236
2216 1064
1024 2352
2054 1250
2088 1210
2512 834
3158 148
2776 536
1314 2052
2750 564
1824 1518
2366 964
2980 294
998 2372
2280 1004
350 3004
806 2558
1996 1310
1376 1994
1082 2300
2840 468
2636 722
2138 1134
12 3312
2640 718
816 2534
1116 2278
3050 250
1514 1816
884 2502
1032 2350
350 3000
3034 262
1974 1360
1376 1998
3280 44
2814 500
2762 558
578 2766
270 3100
194 3192
1486 1850
2792 522
94 3258
672 2674
42 3292
2188 1104
80 3272
2232 1040
1140 2252
1316 2050
2962 330
1734 1626
1256 2138
212 3176
1858 1498
634 2726
1236 2174
1392 1972
704 2660
2932 376
3306 16
3156 164
2932 368
498 2860
2280 1002
2408 918
2452 870
2348 976
1470 1870
2506 834
2974 320
1964 1386
3300 20
2400 930
728 2634
1116 2278
2106 1186
1508 1834
1496 1842
762 2596
1516 1814
1808 1550
944 2460
1780 1558
838 2524
3010 274
2690 658
2866 438
2372 960
2694 656
3200 102
236 3112
876 2510
1904 1446
1146 2248
3204 98
2436 878
412 2930
146 3220
272 3098
2046 1264
982 2398
3272 52
1670 1672
2384 944
2730 588
1556 1762
502 2850
1294 2092
248 3110
2534 810
1824 1518
2828 486
2570 780
576 2770
3062 232
2624 726
2840 474
2428 892
1454 1884
3238 76
2576 766
3070 226
3098 196
1314 2052
664 2678
1156 2244
2124 1172
270 3104
344 3018
2470 858
1226 2178
2056 1248
554 2790
2630 726
2714 620
2354 974
1256 2132
1650 1686
1002 2362
1290 2092
2918 380
226 3138
2144 1128
2720 620
3284 40
1578 1738
516 2840
1402 1958
1756 1620
806 2574
1760 1602
696 2666
276 3096
282 3096
602 2750
1038 2344
1760 1604
1710 1644
346 3014
1248 2156
828 2528
1412 1950
2678 670
1264 2124
1378 1992
318 3040
1298 2076
1524 1812
642 2714
1112 2278
212 3168
182 3202
586 2762
36 3298
3164 146
250 3104
548 2796
2934 368
1834 1510
708 2646
2870 420
330 3026
1976 1360
2658 704
2088 1212
444 2900
2464 860
1346 2014
10 3320
1492 1846
2978 296
76 3278
2684 666
398 2950
1868 1488
2312 986
764 2592
3066 230
2322 986
380 2968
872 2514
2664 688
1924 1432
2866 442
538 2814
2984 292
2872 418
1336 2026
2448 872
436 2902
58 3284
234 3112
1384 1978
2972 320
2774 538
2610 730
2376 948
2252 1022
98 3256
62 3284
3246 68
2604 744
200 3190
636 2718
962 2428
956 2440
1814 1530
488 2864
3260 58
2688 662
2894 390
530 2824
3216 92
1862 1494
116 3248
2896 388
1256 2132
2060 1242
2096 1194
1774 1570
3018 270
912 2484
1988 1322
1982 1322
3070 228
1864 1490
748 2622
1326 2046
524 2840
2442 878
654 2682
2674 672
1922 1432
616 2744
1900 1450
2818 500
1758 1610
1480 1864
1120 2262
1654 1684
1616 1710
2868 428
998 2376
680 2668
3232 84
450 2898
2054 1250
1202 2192
2982 294
1620 1708
1320 2048
1896 1456
2994 290
760 2608
1206 2190
974 2410
1246 2168
1056 2318
1728 1626
2082 1214
972 2416
906 2490
3126 176
186 3198
1722 1632
1048 2318
390 2962
1254 2142
3198 112
2940 358
2450 872
1786 1558
1856 1500
960 2428
2094 1198
2048 1258
3168 138
314 3060
466 2874
1788 1556
1920 1436
140 3234
2608 736
206 3176
1200 2194
2196 1098
760 2606
2044 1270
576 2770
3238 78
1776 1566
1740 1624
2006 1306
2604 752
616 2746
2108 1186
2516 824
1606 1724
910 2490
1788 1554
1360 2004
38 3298
2290 998
2884 406
864 2520
702 2664
2642 716
1966 1386
1704 1648
2650 716
2942 358
974 2412
1904 1446
2304 990
1654 1682
2954 332
350 3012
2650 714
1056 2316
820 2532
644 2702
1168 2234
186 3194
2946 344
530 2830
2852 454
2836 476
950 2448
1202 2192
272 3100
1000 2372
1402 1950
1896 1456
1528 1804
1020 2356
3238 82
1024 2354
544 2812
1806 1550
2686 664
2886 398
2620 728
1796 1552
2256 1020
2724 594
1552 1778
14 3312
2474 852
2802 504
2968 324
2966 326
2030 1286
324 3036
2324 982
376 2970
1622 1708
2932 370
1508 1834
2390 936
1208 2188
3112 180
2 3320
2408 924
2370 964
2826 486
892 2496
3062 232
2290 1002
2152 1118
2412 900
2522 822
2100 1192
1764 1584
390 2966
2206 1084
408 2932
514 2842
1218 2186
2826 494
570 2782
14 3310
1504 1840
2232 1050
2758 558
3148 166
812 2540
2296 992
1216 2186
1826 1514
1278 2096
2214 1082
10 3314
1534 1798
3134 174
2294 994
2434 888
1004 2362
2182 1104
652 2684
1514 1816
2944 352
1936 1422
2586 758
3058 240
1760 1590
2722 618
1000 2370
1256 2130
3176 128
2068 1228
1960 1402
1180 2200
1226 2186
2426 894
706 2654
3164 140
2940 366
3024 266
988 2398
1716 1634
1192 2198
412 2926
2776 536
214 3164
396 2952
218 3156
1978 1350
1852 1500
3060 238
1460 1880
1928 1430
1522 1812
2708 624
2252 1026
2062 1238
584 2764
1878 1470
1632 1702
2724 600
2880 416
2786 526
832 2526
3048 254
1256 2128
44 3288
1524 1812
1232 2174
2070 1226
1706 1646
2122 1178
1662 1678
1966 1386
1300 2068
36 3306
2690 660
1794 1552
1426 1936
1426 1936
3196 116
1098 2286
980 2402
2772 540
2038 1272
1696 1648
2842 466
1668 1672
2652 710
166 3204
1962 1400
786 2578
510 2844
1296 2090
1846 1506
2740 576
940 2474
216 3162
1854 1500
2114 1182
2418 896
614 2746
1172 2222
2658 708
2784 532
534 2824
816 2536
2950 336
1546 1788
2550 786
2672 688
2358 966
1590 1734
2574 776
840 2520
2904 384
2386 940
2232 1046
2624 726
1672 1670
528 2830
996 2380
738 2628
982 2400
2190 1102
3104 184
1634 1690
2324 982
3246 72
1820 1528
2546 798
644 2708
1090 2288
684 2668
1042 2322
1020 2356
1714 1640
150 3218
2578 762
310 3074
1978 1348
1404 1950
878 2508
1178 2202
712 2644
1278 2106
32 3306
498 2858
1940 1418
1680 1656
810 2546
2456 860
2586 754
1130 2262
2806 502
78 3278
2844 458
966 2420
990 2396
2016 1292
98 3252
1382 1980
1980 1336
1764 1576
2888 392
2824 498
726 2636
2746 572
1340 2022
1884 1460
2170 1112
1626 1706
1706 1648
1538 1796
2012 1300
1338 2024
1280 2092
1578 1740
370 2974
1724 1630
3240 72
590 2760
1178 2212
2026 1288
1874 1474
2074 1214
1936 1426
1666 1678
1382 1988
196 3192
630 2736
114 3250
950 2452
754 2618
2136 1140
2578 760
3024 266
972 2416
674 2670
558 2784
2524 816
2150 1118
3292 36
1090 2294
1762 1588
200 3186
1080 2300
64 3284
1086 2296
3168 138
170 3202
214 3164
600 2752
2636 724
3044 256
356 3000
1060 2316
1442 1932
224 3146
1530 1798
2068 1234
1866 1488
372 2972
1824 1526
1810 1546
2832 484
2346 978
2924 378
1136 2254
2296 992
3088 206
3214 94
946 2452
2324 984
3080 206
2132 1146
3290 40
1306 2056
576 2770
528 2834
1502 1842
1428 1934
3224 92
2834 482
2422 896
1922 1436
818 2534
458 2892
1472 1868
2202 1086
2544 804
2480 844
2216 1078
886 2502
1250 2148
2722 614
148 3218
744 2628
2170 1114
2756 562
764 2590
584 2764
2776 536
76 3282
3090 198
1418 1948
312 3068
1302 2062
842 2520
1880 1470
2124 1168
1814 1536
748 2626
94 3258
1168 2230
3198 114
2066 1238
424 2916
944 2462
80 3272
1992 1318
3014 272
1882 1468
1872 1486
1106 2284
1070 2314
1988 1320
2690 660
2012 1304
2078 1214
80 3264
936 2474
638 2714
218 3152
398 2950
1558 1762
1364 2000
794 2576
1752 1620
2358 974
3002 276
2978 310
344 3020
696 2664
2856 448
108 3250
2516 824
1842 1508
3070 222
592 2756
132 3244
2182 1106
2034 1280
1838 1510
810 2546
200 3190
2700 632
480 2864
996 2380
2488 838
1942 1416
1850 1504
1514 1828
2474 854
3160 148
2454 862
