5000
5450 11102
2724 13696
12510 4056
10790 5756
9482 7182
5788 10786
10722 5880
6832 9804
8130 8596
5734 10850
13950 2670
5036 11566
916 15690
4454 12038
1392 15104
4244 12218
9724 6920
1468 15024
5720 10868
4974 11586
11438 5026
11674 4844
14850 1784
9058 7646
838 15790
2968 13414
6756 9904
13782 2826
14708 1904
11400 5044
12488 4074
16242 412
4196 12272
3694 12700
9678 7016
3510 12878
15668 1056
12188 4324
3490 12922
6958 9692
14074 2562
11138 5370
14676 1948
14846 1796
15304 1400
11790 4760
5354 11158
5866 10698
10122 6438
10128 6436
11768 4776
16018 680
7582 9128
538 16116
5338 11168
3870 12538
5876 10690
16256 406
4814 11720
7662 9034
5652 10948
3110 13318
9422 7274
38 16614
15082 1586
78 16586
16454 268
6906 9750
2278 14136
4102 12360
3434 12992
16616 102
7898 8804
14400 2256
4222 12226
10242 6294
11528 4972
7582 9142
2360 14042
3694 12700
1694 14748
15154 1542
12656 3874
396 16228
346 16286
6572 10020
2050 14334
3006 13402
782 15856
16176 508
5290 11218
1042 15530
9768 6878
2618 13818
4548 11966
10888 5660
16128 576
14904 1756
9168 7564
12774 3794
15798 910
352 16282
10940 5592
3100 13338
7336 9416
5990 10590
14734 1884
8976 7746
16258 402
3278 13178
1508 14946
2004 14380
10026 6572
13150 3460
4446 12054
12812 3768
15832 878
8296 8430
8214 8536
2186 14198
1230 15292
10072 6492
4848 11672
9452 7244
1580 14856
7338 9412
3948 12500
14454 2206
6024 10526
2058 14328
7128 9566
786 15850
6282 10290
9424 7268
5736 10840
8520 8226
8204 8560
16424 284
9004 7716
1524 14938
7640 9056
638 15964
10620 5972
14224 2398
11564 4930
1594 14824
9044 7664
3872 12536
13596 3036
12376 4146
2618 13816
4446 12056
11960 4540
15376 1330
1904 14500
7356 9378
3550 12840
15092 1580
14742 1870
3160 13288
22 16624
10016 6584
9872 6720
16652 26
7122 9570
12050 4486
2252 14150
14590 2064
9024 7696
15872 824
4808 11732
3162 13286
4120 12322
4388 12090
4194 12274
7120 9574
5416 11124
778 15866
956 15638
12224 4282
13696 2938
15506 1172
14368 2284
6576 10010
14380 2272
12310 4216
12084 4450
982 15610
9746 6906
15906 808
11150 5350
11658 4858
7692 8998
13472 3204
10014 6592
5174 11392
2692 13730
9806 6828
11952 4544
6618 9972
1212 15302
14042 2580
11620 4874
15824 902
8710 7986
13050 3558
788 15834
5040 11560
14598 2050
16064 662
12108 4426
4116 12346
5000 11580
12552 4006
5672 10938
9734 6916
11104 5384
8932 7774
6430 10158
9416 7290
2240 14160
1902 14502
13278 3372
13266 3386
13750 2868
5738 10828
1688 14758
10218 6326
13548 3086
7664 9028
702 15934
6952 9700
11460 5012
1746 14676
7118 9576
1268 15246
12672 3852
8292 8432
12918 3652
6350 10250
8032 8680
1074 15470
2020 14368
2228 14174
16042 678
3844 12562
13282 3372
7494 9208
10126 6438
12610 3930
11454 5020
5136 11430
1506 14954
13336 3316
10882 5664
14018 2614
10806 5726
8180 8570
9570 7116
10914 5640
7296 9448
13358 3284
3568 12820
5958 10606
2310 14086
4002 12464
2754 13668
6426 10168
10856 5692
9174 7562
5730 10860
15360 1354
14786 1828
12360 4166
2672 13748
2706 13718
7876 8820
15778 922
954 15640
6588 9986
2890 13544
3386 13054
6228 10340
16654 14
9366 7348
15798 908
3712 12690
13964 2664
8346 8366
1256 15266
4248 12210
8994 7726
13914 2684
11606 4880
13608 3032
984 15610
2838 13584
4018 12452
7928 8760
6210 10354
10994 5534
10928 5620
1986 14398
2294 14108
5704 10890
12198 4310
12456 4106
16560 134
2068 14326
10860 5676
9122 7600
6532 10058
13438 3240
11546 4954
8956 7764
9588 7080
5800 10778
3748 12660
12910 3662
5540 11010
13620 3018
9284 7438
11858 4644
9286 7432
14114 2530
1152 15378
3902 12522
8104 8608
9354 7364
15340 1374
1634 14792
11222 5208
738 15898
1380 15118
9636 7056
736 15906
14158 2488
14870 1776
4508 11994
2392 14012
12492 4066
10018 6576
56 16612
2484 13940
6578 10004
15484 1194
4898 11638
16238 430
13902 2688
5972 10604
3160 13288
2290 14118
9172 7564
10800 5736
6194 10368
15124 1564
1120 15432
15858 838
10110 6442
16642 62
14364 2286
3058 13374
6582 10000
10718 5882
5570 10992
11690 4834
11768 4776
14372 2280
16068 660
1994 14386
7438 9264
802 15816
12752 3808
15928 788
16158 530
6212 10346
4762 11760
6508 10086
10012 6594
3352 13098
3822 12596
13288 3364
5516 11036
14798 1820
9390 7322
12980 3590
8980 7744
15466 1220
6380 10216
14152 2508
1726 14700
6034 10512
11998 4508
14708 1906
5984 10594
13160 3450
9254 7502
3200 13248
4836 11688
4312 12150
6898 9754
8894 7790
3206 13246
7932 8746
6846 9780
8644 8064
5222 11332
16206 476
922 15680
9232 7514
814 15806
274 16350
5952 10610
6270 10302
214 16412
6542 10052
5650 10952
9268 7452
5062 11516
3276 13182
7168 9550
14692 1928
9060 7638
12022 4494
4520 11982
2512 13882
11160 5342
1080 15462
3584 12814
12270 4242
13440 3240
6850 9776
15368 1334
3296 13170
8740 7934
10784 5768
14222 2404
16644 44
14386 2266
3468 12960
5122 11454
13854 2720
14186 2436
1232 15286
12568 3994
9642 7046
2104 14286
10618 5980
10412 6108
3422 13004
16638 80
10106 6448
2156 14228
630 15972
96 16540
7368 9360
10770 5790
10318 6214
12442 4124
1022 15564
7256 9480
15862 830
10648 5958
10406 6112
9470 7212
6484 10126
4338 12118
8760 7920
1428 15064
3240 13218
936 15662
5834 10742
670 15946
12276 4234
13106 3524
16330 366
15070 1598
8400 8332
7458 9242
6884 9762
12616 3926
2772 13648
3342 13104
9454 7222
9296 7418
14848 1794
3068 13370
9422 7268
6816 9816
16234 444
12824 3764
5570 10996
2290 14116
7280 9454
4206 12264
11132 5374
4706 11810
13146 3468
15774 944
7742 8940
388 16248
11696 4822
12220 4284
12206 4296
248 16388
10752 5810
3856 12550
7764 8916
10834 5716
12074 4460
10838 5712
15792 916
5848 10706
10726 5870
4430 12068
6546 10050
16164 522
13618 3018
15522 1162
9476 7200
9452 7234
3838 12566
3688 12716
4460 12026
14708 1902
4822 11694
3412 13018
9952 6634
7858 8836
1926 14470
10558 6014
5678 10928
11068 5454
1876 14508
13764 2834
16088 630
4932 11614
16640 70
15392 1300
11046 5496
14880 1766
13932 2676
9712 6964
13792 2822
14584 2068
7880 8814
3464 12966
14080 2558
10386 6120
11686 4838
6234 10338
16070 654
5704 10890
3716 12686
1526 14932
13692 2938
8314 8416
4438 12058
8380 8342
4096 12368
6752 9904
7624 9086
14002 2646
11710 4808
7628 9058
366 16268
4756 11774
14580 2078
16526 158
5774 10792
1146 15408
3564 12822
1728 14686
11772 4774
2136 14252
3576 12816
1136 15428
10956 5572
8152 8582
15074 1594
14958 1712
14314 2340
11506 4986
6506 10090
8548 8204
538 16120
9964 6626
164 16462
1906 14496
8556 8202
12294 4224
16358 332
6178 10386
9036 7678
7684 9012
4708 11810
15416 1272
3910 12516
310 16320
11458 5018
10984 5534
10700 5902
14496 2170
5222 11348
4412 12084
1794 14630
11598 4904
4262 12196
13708 2930
8878 7796
6776 9876
272 16350
4872 11668
10270 6260
8666 8034
3736 12674
14134 2518
10228 6308
5010 11572
8048 8666
11772 4774
846 15774
15240 1452
1448 15042
8210 8546
15432 1254
7446 9256
14488 2180
11610 4876
1488 14966
430 16198
3086 13352
16486 206
8746 7926
1350 15148
7950 8728
9750 6894
4610 11882
3014 13392
10800 5736
11842 4666
602 16038
10842 5696
7390 9336
14118 2528
15070 1598
1026 15556
12908 3666
11762 4782
7878 8816
13030 3562
13656 2984
13504 3166
14836 1806
9410 7302
4628 11868
15408 1284
15218 1488
12350 4168
16620 90
2090 14304
1278 15228
13774 2828
7720 8976
6734 9908
4326 12126
11420 5028
2394 14002
4940 11612
13350 3304
16122 584
618 16000
452 16190
8796 7900
426 16206
5362 11152
2996 13402
1350 15144
10302 6228
4604 11892
15698 1028
13004 3574
5080 11490
15366 1342
11382 5070
1530 14930
10022 6574
7176 9548
15952 758
7350 9402
7540 9172
8676 8026
13504 3144
15596 1116
4324 12130
7616 9098
11140 5364
11382 5070
9036 7676
7044 9628
958 15626
14858 1784
7640 9054
16186 492
6538 10056
15656 1060
2206 14180
12568 3996
2940 13440
14942 1722
15424 1260
6680 9946
13138 3480
12272 4240
13082 3534
12286 4226
10594 5992
4684 11830
7062 9620
8542 8210
14546 2108
12370 4160
10818 5722
14208 2414
11386 5066
5668 10946
6248 10310
10088 6464
16164 526
1596 14820
4896 11648
7646 9054
11866 4630
11070 5444
14758 1860
3392 13028
6554 10034
8000 8690
6210 10356
5066 11512
4814 11710
11946 4550
15332 1380
3082 13364
13670 2954
13052 3556
7270 9474
958 15628
3272 13188
13094 3526
1990 14398
10748 5818
14566 2082
7056 9620
10480 6060
3978 12484
2196 14192
13616 3022
3814 12598
2688 13730
2968 13416
5822 10748
15988 716
9174 7558
12794 3778
10932 5600
4554 11956
9694 6992
126 16496
14846 1798
3720 12682
4448 12048
952 15650
12320 4194
4578 11930
4966 11594
14796 1826
12850 3748
7140 9564
336 16290
14482 2200
12602 3964
14282 2376
7640 9056
7418 9280
12964 3620
2636 13766
13982 2660
14686 1934
2954 13422
10038 6548
2844 13582
2808 13602
11004 5532
2826 13588
11024 5518
15648 1064
5684 10922
12988 3582
11462 5006
7250 9494
14032 2596
14650 1986
13442 3232
16364 322
1862 14532
8374 8350
2994 13406
7712 8980
9304 7406
1392 15108
2952 13426
4 16658
12540 4034
7956 8720
1984 14404
7208 9524
15112 1568
144 16486
9828 6798
13562 3068
7902 8790
942 15658
7900 8798
12060 4470
14502 2156
13646 2990
5548 11008
16482 224
1666 14776
4026 12432
3150 13290
5722 10864
15988 712
7200 9526
15974 738
8702 7986
7026 9652
6586 9988
8542 8208
698 15938
14960 1710
14500 2158
9126 7596
2922 13480
5732 10858
12544 4032
10288 6244
2630 13780
15964 742
10574 6006
2102 14286
9332 7380
14586 2068
15434 1254
5886 10662
2550 13844
8504 8242
16454 262
12370 4158
12548 4018
9182 7556
11824 4728
8992 7728
10584 6002
10770 5782
4510 11994
8428 8326
8930 7782
12374 4152
2200 14182
8468 8294
1126 15428
1436 15048
3972 12488
10472 6066
12974 3604
12160 4366
1150 15394
3330 13128
16206 468
7680 9018
13940 2672
3744 12668
10958 5564
9130 7596
16088 640
3748 12664
1074 15470
16108 596
62 16594
14134 2524
5358 11156
1236 15286
16056 674
1776 14644
10944 5586
5494 11062
9276 7446
1274 15230
5272 11250
11858 4648
11238 5196
734 15910
5222 11356
14742 1870
14014 2616
284 16344
9896 6680
15266 1432
7412 9312
2276 14142
1498 14958
16306 374
15046 1620
11386 5066
9826 6802
16340 352
5464 11094
9014 7706
2922 13488
7100 9596
8536 8222
5734 10850
6092 10458
4280 12186
1164 15366
7964 8712
9682 6998
11400 5046
11068 5458
370 16256
6618 9972
10088 6464
926 15666
2626 13796
4468 12016
7674 9024
5470 11078
1844 14552
7026 9644
13574 3054
2638 13758
15344 1368
2234 14168
6966 9678
12058 4470
422 16210
13542 3092
414 16222
5800 10774
16238 434
11164 5332
15674 1052
16124 584
16610 114
3210 13242
10978 5536
10298 6234
14366 2286
2064 14328
1268 15250
1682 14762
6428 10162
2762 13652
3528 12850
4284 12184
12662 3858
10302 6226
5464 11084
7012 9654
2750 13672
8048 8660
3640 12768
16480 238
1656 14792
2078 14312
2540 13848
1478 14986
9264 7482
8886 7794
4764 11754
200 16418
14120 2528
9920 6658
4726 11792
4914 11626
14144 2514
952 15642
12644 3902
4150 12298
13738 2878
12066 4468
3028 13386
94 16572
3026 13386
4890 11654
3366 13082
2530 13862
4642 11858
2408 13992
5242 11280
6552 10040
10224 6320
4320 12140
15560 1130
16208 466
9762 6886
14028 2602
6122 10432
8750 7924
9198 7548
7712 8980
3530 12850
1364 15126
14942 1718
13716 2920
9674 7020
6040 10502
4026 12436
15322 1398
6122 10436
6828 9806
4 16656
9086 7622
11190 5294
248 16386
2628 13792
13236 3396
770 15866
13484 3192
16102 610
16586 122
11748 4788
2382 14024
9312 7388
1866 14514
10232 6302
6678 9954
3764 12626
10884 5662
15672 1054
15728 990
8990 7730
11696 4822
7290 9450
2584 13836
9774 6878
2418 13976
13728 2884
13426 3242
9848 6752
10102 6448
1038 15534
2160 14224
12418 4130
14838 1800
14164 2476
3246 13214
1164 15368
15636 1074
15140 1558
396 16228
9836 6782
7148 9560
2830 13588
6126 10430
1148 15398
6952 9702
8156 8574
4550 11966
6880 9766
6312 10274
7974 8702
15808 904
12488 4078
7510 9192
15984 718
12196 4322
1726 14692
612 16018
6152 10402
7834 8880
1714 14726
9422 7270
6108 10446
11860 4632
11138 5370
9390 7320
10686 5922
434 16196
8826 7846
5776 10792
11552 4948
16612 104
4504 11996
1616 14806
8356 8358
1084 15458
6644 9962
14014 2616
7848 8876
3550 12834
9064 7636
13502 3170
5600 10974
10544 6018
11314 5110
5056 11532
14990 1676
12316 4202
4430 12064
14810 1818
8796 7894
10846 5692
14690 1932
11440 5026
6766 9890
10562 6008
12096 4442
5942 10624
8700 7992
14416 2244
7330 9430
10476 6062
8850 7828
4982 11580
12580 3976
16374 312
11906 4600
5172 11398
12834 3758
1810 14620
620 15992
14728 1886
8656 8044
10924 5636
3270 13192
8530 8222
10332 6210
6126 10432
11338 5090
6798 9858
10310 6216
9000 7722
10482 6060
9706 6970
13666 2964
2278 14138
4672 11834
9360 7354
15746 952
12158 4366
5244 11262
14418 2242
4712 11800
1838 14586
7754 8920
7178 9544
11268 5178
10138 6420
4492 12004
1600 14820
7270 9468
13722 2908
14770 1834
7078 9606
6542 10052
5990 10590
3506 12892
9776 6874
3936 12514
3026 13386
13218 3408
15350 1362
14316 2330
6112 10444
8700 7992
13752 2864
7472 9234
9788 6846
11840 4686
2944 13432
2072 14316
5588 10978
3380 13056
314 16314
7044 9624
5818 10748
950 15652
1114 15438
4320 12144
4210 12256
14596 2060
12970 3606
11470 4996
15838 868
11296 5142
16078 644
7518 9188
2006 14378
9276 7446
3128 13298
8468 8288
5870 10696
9912 6666
9662 7028
740 15888
10926 5628
6146 10410
7166 9552
12486 4078
4690 11828
4158 12294
12688 3842
10080 6480
1150 15392
15682 1042
16330 366
8214 8542
7078 9616
11724 4800
14310 2346
13930 2680
988 15596
14410 2256
4894 11650
6492 10122
11024 5518
12232 4272
4894 11648
7246 9502
6638 9962
4488 12006
6712 9940
16498 192
14032 2594
9412 7302
7164 9554
15734 968
2392 14016
7382 9342
6052 10480
5722 10864
16430 284
5222 11346
11178 5306
1296 15212
562 16098
16132 552
12258 4254
2298 14100
9752 6890
12214 4286
13932 2676
10526 6028
1438 15046
3724 12680
11798 4748
358 16276
13422 3248
11082 5418
8712 7974
6828 9806
2174 14214
9048 7656
10656 5956
600 16040
9472 7206
7094 9604
13892 2692
11202 5276
4046 12424
1166 15364
5524 11026
3078 13368
13526 3108
12646 3890
5636 10962
12340 4176
12100 4440
3914 12514
13458 3208
5068 11510
10086 6468
4606 11886
7016 9652
10602 5992
15510 1170
7524 9186
8816 7878
2428 13968
6408 10212
4364 12096
488 16138
3750 12652
11304 5128
12524 4050
13518 3138
998 15582
1892 14504
3238 13224
158 16474
15500 1174
10826 5720
16348 338
12300 4224
168 16456
6222 10344
11502 4986
8332 8382
16260 388
1416 15076
8608 8102
5926 10648
11732 4796
5928 10644
6880 9764
952 15642
13446 3218
132 16496
5736 10836
15130 1560
13288 3362
12114 4416
660 15950
3610 12798
8678 8020
10102 6448
2032 14342
5170 11408
9380 7332
2598 13826
11452 5020
5778 10788
8258 8474
15046 1622
372 16254
8628 8084
1668 14774
10278 6250
4290 12178
12890 3676
15178 1522
5458 11100
7334 9420
2684 13732
5102 11472
13480 3202
9144 7578
13658 2968
9896 6680
12872 3704
14846 1796
16596 114
16358 330
2602 13824
9828 6788
10794 5754
3484 12934
11426 5026
9542 7130
3986 12480
12588 3966
16374 314
584 16068
10066 6498
638 15968
14904 1746
748 15870
12380 4146
5530 11020
608 16022
1182 15354
9842 6774
3998 12466
6498 10108
10210 6328
2628 13790
8024 8684
7124 9570
12484 4080
14316 2336
5770 10810
16444 272
9140 7580
12632 3920
6140 10412
9264 7480
3300 13166
2492 13912
1492 14960
6772 9884
5230 11316
156 16478
14186 2454
12282 4230
6326 10268
15916 800
2800 13602
12184 4330
10340 6196
1838 14578
1732 14686
12592 3966
4478 12012
10422 6088
14624 2028
1574 14868
2858 13576
12774 3794
12640 3906
12022 4498
904 15710
16088 626
1474 14988
13752 2858
342 16286
14006 2644
12002 4508
11608 4880
12486 4078
7560 9162
5198 11384
10338 6202
3480 12940
7826 8894
8040 8674
16432 282
13182 3438
10498 6058
4084 12382
484 16140
12646 3898
12020 4498
16202 480
10344 6184
5344 11162
9478 7198
10382 6146
12832 3762
1924 14490
2724 13694
3656 12748
15280 1420
2094 14302
3198 13248
11306 5124
5980 10596
7928 8752
6136 10416
9704 6972
4334 12120
14248 2386
15160 1538
858 15766
15986 718
12780 3794
8974 7762
2728 13692
6768 9888
434 16198
12872 3702
14552 2104
11420 5030
10516 6040
12110 4420
1046 15528
7730 8964
12 16654
2150 14234
1032 15548
9218 7522
3652 12750
13542 3094
142 16488
7368 9368
15548 1136
11286 5156
10632 5964
15594 1124
16342 344
2498 13906
11358 5078
11170 5316
15536 1160
9350 7364
1348 15164
16236 442
6932 9736
11032 5502
5674 10932
16530 154
12176 4338
6416 10186
9382 7330
12856 3736
10232 6304
12886 3682
1212 15306
8846 7830
15064 1600
8366 8358
10008 6600
15922 800
2192 14192
7204 9524
13846 2720
9592 7080
9910 6670
1942 14450
13830 2754
15018 1662
1590 14844
6004 10574
9778 6856
12238 4272
7634 9058
12738 3810
15554 1132
1304 15208
6310 10276
14628 2012
1438 15046
14858 1784
13170 3444
11032 5504
10406 6112
2178 14206
12690 3840
6808 9848
14174 2462
8842 7834
11250 5190
16076 652
12094 4448
12388 4136
14444 2222
14168 2472
12170 4346
2360 14038
13804 2814
14292 2366
10948 5586
5314 11206
9634 7064
1560 14912
4284 12180
16550 138
15934 784
7730 8958
14156 2500
3964 12494
11190 5284
4696 11820
3066 13372
2922 13486
5786 10788
6110 10444
13526 3106
2648 13756
13696 2934
15946 768
13516 3142
724 15924
3652 12764
11172 5314
9732 6918
14614 2034
9284 7440
7804 8904
15904 810
5118 11462
11886 4616
10772 5778
11232 5202
4560 11952
3346 13100
3236 13226
10124 6438
12384 4144
2896 13520
15928 786
7026 9650
16130 574
11870 4620
2034 14340
12222 4282
3518 12872
6468 10132
13594 3036
4680 11832
3602 12800
7660 9036
11068 5456
16332 362
6792 9868
7436 9266
3206 13248
13198 3424
8596 8148
11260 5182
14756 1860
15334 1376
1568 14880
14820 1816
5448 11108
13468 3206
12284 4230
816 15804
624 15976
10626 5968
12718 3818
15754 952
4864 11672
1582 14848
1206 15306
1092 15454
5658 10948
4500 11998
5628 10968
16564 132
15912 802
7916 8786
6304 10280
534 16122
11220 5230
7178 9544
1664 14786
8084 8642
8888 7792
7834 8880
15582 1126
13708 2930
13134 3484
11486 4992
12276 4236
16370 316
8560 8192
14596 2050
3872 12536
10758 5800
11570 4906
9550 7126
8438 8310
1006 15578
12230 4274
10042 6524
13830 2756
12574 3978
13336 3316
808 15808
10736 5846
6862 9768
542 16112
14036 2580
11666 4850
8728 7944
10162 6380
2884 13546
7512 9190
4216 12246
6092 10458
13786 2824
13016 3570
13958 2666
9300 7408
6504 10100
1830 14594
11462 5006
10384 6136
6784 9870
13002 3578
7658 9038
1864 14518
10726 5862
6604 9984
16506 182
5754 10820
11752 4784
200 16414
1530 14928
9704 6970
12880 3686
15338 1376
6492 10122
9282 7444
6066 10470
6494 10122
12532 4048
4014 12460
14498 2160
12008 4504
14194 2434
8374 8344
10964 5556
9526 7150
1468 15018
12800 3778
11846 4660
7100 9598
4552 11962
9400 7306
2796 13604
11772 4766
6574 10010
858 15766
2112 14282
3392 13030
1706 14744
9168 7564
14424 2234
3498 12910
2172 14222
15106 1574
7602 9098
16258 400
16304 378
11282 5164
16506 182
8326 8404
7454 9244
7700 8990
13264 3386
1826 14604
13520 3134
422 16210
1346 15170
13726 2892
13486 3186
1196 15322
15710 1008
3052 13378
14226 2394
8082 8648
9652 7042
3648 12766
15184 1514
8198 8560
1472 15018
7234 9502
7570 9144
3250 13202
10136 6426
4198 12272
392 16246
12784 3786
668 15946
500 16126
1826 14602
2796 13606
15398 1290
15112 1570
13918 2680
5466 11084
5320 11180
6320 10270
11204 5270
546 16100
12146 4384
798 15824
6432 10156
1186 15344
9306 7396
2732 13688
11606 4882
11974 4524
7454 9250
11724 4798
14270 2382
6426 10164
11092 5398
16642 50
13122 3504
5752 10824
13654 2986
1178 15354
2100 14288
2926 13472
12302 4222
16122 592
8806 7886
15194 1502
2764 13652
1056 15520
3508 12884
1764 14658
5680 10926
1980 14406
2908 13502
5926 10644
1336 15180
5892 10654
8096 8624
11294 5144
14106 2546
7004 9664
10280 6246
3900 12522
7804 8906
15204 1502
12130 4400
11948 4546
12264 4242
800 15820
9848 6754
2242 14158
14702 1910
4968 11592
7924 8770
3446 12988
5710 10888
7752 8932
2718 13708
3376 13058
10612 5986
10906 5640
16136 552
13582 3038
1412 15094
7400 9316
14654 1984
8636 8076
7670 9026
4082 12390
5876 10688
3196 13252
14330 2326
12554 4000
4156 12296
7366 9374
15624 1090
13616 3030
11716 4804
12992 3582
1826 14608
11092 5396
13908 2686
10356 6162
15040 1636
8890 7790
9774 6878
10476 6064
13526 3124
1472 14992
12198 4316
2308 14092
6872 9766
14722 1890
10152 6404
9570 7112
2788 13630
7088 9606
7860 8834
1670 14772
5320 11178
10900 5644
5284 11238
1286 15220
16028 678
7354 9392
11890 4608
1044 15528
16282 382
5848 10710
72 16588
3508 12880
3120 13304
8606 8114
12066 4460
11976 4518
12152 4378
12674 3848
2078 14312
346 16284
13574 3054
11164 5324
11598 4898
6288 10280
7828 8890
9136 7594
2026 14360
15514 1168
54 16612
370 16262
15736 966
11080 5422
10670 5928
278 16348
9876 6714
15354 1356
11192 5280
1222 15296
6978 9670
2440 13962
5818 10750
11338 5090
1726 14702
6610 9974
4818 11698
11752 4786
4762 11768
8100 8614
6306 10280
16122 590
1376 15124
6792 9866
11862 4632
722 15928
5928 10642
11476 4996
10160 6382
13262 3390
14196 2418
8212 8546
7126 9570
6894 9756
9778 6860
15608 1102
6418 10180
6520 10070
12570 3992
9942 6644
3106 13320
8720 7962
6964 9682
12552 4006
7716 8976
4716 11796
2028 14354
2466 13946
14782 1828
11778 4762
16392 308
16396 306
5994 10588
11410 5044
12548 4022
900 15730
8860 7818
16568 126
2830 13588
14514 2150
1570 14876
9570 7098
11316 5104
5032 11572
3452 12980
16156 532
14136 2518
1630 14800
3334 13122
6694 9942
60 16606
2568 13844
14834 1808
2180 14200
11164 5328
3848 12562
13626 3016
1944 14448
8648 8050
9476 7202
2298 14108
1084 15458
11918 4600
10198 6338
1600 14814
13258 3392
3182 13266
13668 2958
552 16098
15228 1462
6946 9718
10882 5664
15478 1216
5718 10886
10736 5830
15674 1054
15246 1452
13024 3564
3794 12606
12954 3640
11162 5338
13826 2764
12960 3638
5998 10586
9926 6648
11656 4860
4648 11846
8210 8546
13678 2948
1750 14664
6998 9666
2200 14188
2172 14222
8384 8340
8518 8228
9144 7576
5442 11110
5724 10864
11940 4574
12054 4474
262 16362
1660 14790
16410 296
15060 1606
11886 4614
574 16088
14218 2410
9244 7506
914 15708
6238 10328
8142 8584
6452 10146
6948 9706
13382 3264
6148 10408
12870 3710
6496 10110
10040 6536
10924 5630
8308 8430
14130 2524
3190 13264
110 16518
15434 1254
6406 10214
11342 5088
1036 15540
5138 11430
14976 1704
7820 8894
10208 6336
4452 12046
14026 2610
6072 10468
15732 972
12348 4168
4130 12308
13516 3140
9048 7664
13240 3394
6502 10102
6414 10192
5798 10784
484 16144
6226 10340
116 16506
15472 1218
11678 4842
538 16120
5222 11342
10048 6508
3506 12904
3904 12520
12832 3762
4918 11622
15368 1342
5368 11144
9916 6662
116 16512
6634 9964
13020 3568
8034 8678
14336 2306
15544 1138
13334 3316
4362 12098
8480 8262
15770 946
3470 12954
9776 6876
13578 3044
10340 6188
10182 6360
5342 11164
14550 2104
6674 9954
3524 12854
13884 2716
13218 3406
330 16304
2234 14174
5082 11490
944 15652
10226 6310
11682 4840
9936 6646
4292 12176
4620 11876
9268 7462
1822 14612
7368 9370
5488 11072
236 16396
13940 2672
420 16214
2010 14376
7550 9170
14436 2224
5532 11020
6530 10064
840 15786
7460 9240
10414 6106
4062 12402
9472 7208
8042 8670
942 15662
12004 4506
4690 11826
9108 7606
5138 11428
9640 7046
15966 742
1142 15418
9022 7698
14378 2272
13152 3458
9420 7274
12822 3764
14 16632
104 16536
5166 11412
6550 10040
12230 4272
682 15944
2456 13948
14712 1900
3868 12544
11794 4758
15178 1524
13356 3292
8924 7784
12658 3872
13210 3414
1758 14662
3836 12568
14278 2380
12096 4446
9070 7632
15490 1186
8380 8340
11848 4654
4312 12150
10490 6060
15542 1140
5946 10614
8566 8182
14990 1676
9364 7352
9188 7554
12172 4346
598 16044
16446 270
12412 4132
3558 12830
10460 6082
9362 7354
1470 15018
12652 3884
3356 13096
8798 7892
15274 1420
6624 9970
15500 1172
132 16494
11734 4790
15536 1156
870 15762
988 15592
7852 8876
4120 12332
1368 15126
8192 8566
4864 11670
7310 9448
13630 3014
5374 11136
1186 15344
4460 12024
12928 3644
15522 1164
6794 9864
7418 9282
2328 14068
13768 2830
15964 752
1404 15098
2650 13752
16654 16
11084 5416
1198 15316
704 15930
8150 8582
3340 13108
8652 8044
14762 1846
13188 3432
10694 5914
11724 4798
4084 12384
2708 13716
428 16202
5920 10648
10778 5778
916 15686
9682 7008
2598 13828
5492 11066
14700 1910
11644 4864
4024 12442
10018 6576
1836 14586
15464 1220
1138 15424
348 16284
10884 5664
16488 202
958 15636
15326 1388
2754 13670
4606 11884
8314 8416
15044 1632
11324 5102
7720 8974
5210 11370
8250 8480
4598 11896
3804 12602
806 15812
7314 9434
7552 9164
9478 7188
10952 5574
5108 11468
10300 6234
3082 13364
16232 458
10566 6008
1972 14408
3480 12940
12536 4038
4302 12166
9526 7156
5344 11158
7752 8932
10158 6388
1184 15348
15456 1246
5334 11174
6000 10578
3638 12768
16392 308
10154 6400
2140 14248
4822 11698
14194 2430
16340 348
2152 14230
584 16062
14870 1770
1688 14760
9120 7602
11928 4582
16128 576
6538 10058
2848 13580
4102 12356
2248 14150
15974 730
11400 5052
2380 14028
14376 2274
14900 1758
13888 2698
8208 8554
5048 11554
14994 1668
3638 12776
16290 380
3906 12518
6796 9858
4350 12114
10608 5988
11798 4740
16056 674
9642 7046
7144 9560
2750 13678
11956 4544
8586 8148
4982 11580
8456 8300
9588 7082
2892 13534
584 16066
7312 9434
8396 8338
5216 11370
6584 10000
9378 7334
2378 14028
1178 15362
5438 11120
2930 13468
7272 9464
7068 9618
5258 11256
2014 14374
602 16022
7326 9430
7624 9088
4314 12148
9006 7714
582 16070
748 15876
4972 11588
13760 2842
11866 4630
200 16418
14914 1742
1032 15544
7114 9576
6222 10342
5440 11110
11534 4962
226 16400
484 16144
13600 3034
9666 7024
8742 7932
5720 10882
7746 8934
8294 8432
15454 1250
7972 8706
16460 240
15386 1314
10044 6518
10004 6606
12332 4192
7442 9260
10728 5852
12810 3770
12516 4050
13740 2874
9888 6690
5050 11552
1132 15428
14926 1736
640 15962
4324 12136
12320 4200
3274 13186
12200 4308
2900 13510
9648 7046
8930 7780
4526 11972
8170 8570
10786 5760
9710 6966
10796 5744
262 16358
8640 8072
2580 13840
986 15604
14506 2154
3174 13272
1362 15126
5834 10742
6834 9802
950 15652
4698 11812
7992 8692
8048 8666
8312 8426
14658 1958
1102 15446
15678 1052
426 16206
8252 8478
13490 3182
5490 11068
2014 14376
10558 6016
2096 14296
1780 14634
2024 14368
2930 13466
7834 8884
4814 11724
16082 642
5876 10674
10894 5652
3466 12962
6846 9776
2588 13832
7310 9438
11320 5104
4760 11772
5528 11024
14668 1948
10468 6068
8348 8362
3222 13238
13138 3480
10194 6350
488 16138
13868 2718
10072 6488
5306 11206
5274 11250
4056 12422
1708 14740
5308 11206
11868 4624
12210 4288
14626 2020
2792 13620
16508 174
1664 14784
15170 1532
10456 6088
2450 13954
9790 6842
4830 11690
16416 288
13698 2932
1424 15074
4426 12074
13848 2720
11372 5074
5138 11424
10400 6112
7006 9658
5990 10590
12826 3762
1062 15504
15480 1216
13600 3034
3514 12876
5562 10998
5004 11580
12978 3602
2500 13900
3398 13026
9748 6906
11896 4604
5088 11488
15838 868
15352 1358
1450 15034
13060 3548
2810 13594
10788 5760
16126 578
8498 8244
8234 8514
13386 3264
15328 1386
3670 12724
10524 6030
8262 8468
5170 11408
1420 15076
9298 7412
10700 5896
11332 5096
10752 5814
4128 12314
13672 2950
14718 1896
11184 5306
5450 11104
5218 11364
16028 678
10040 6546
14764 1840
302 16338
9056 7648
2502 13898
6092 10454
15998 704
11076 5422
14774 1830
5678 10932
7810 8902
13402 3256
3306 13160
312 16320
5108 11466
13806 2806
10860 5684
7110 9594
2334 14064
13452 3214
440 16196
3534 12848
10178 6368
14374 2278
15852 840
8436 8310
15776 926
13568 3066
9902 6672
10310 6220
6440 10148
15964 752
15884 812
12028 4494
9872 6716
16162 528
2408 13982
6238 10334
1970 14422
12100 4440
13124 3496
10754 5808
12156 4368
15830 890
196 16434
16180 492
2630 13786
5570 10990
4308 12152
11838 4714
1572 14870
4434 12062
4156 12298
266 16352
15656 1060
4584 11910
10474 6064
9658 7038
16492 194
15994 706
10516 6044
5582 10980
4204 12268
7724 8972
7648 9052
16380 310
10282 6246
6246 10324
15888 812
13146 3464
11610 4876
10838 5708
788 15836
9268 7452
8684 7998
2846 13582
2338 14058
5760 10816
11128 5380
1350 15146
4468 12014
5220 11358
2532 13848
2724 13692
13390 3262
11508 4986
4762 11760
15114 1566
2936 13456
12856 3734
9418 7276
6610 9978
378 16254
13754 2854
11468 5004
15992 708
5774 10794
896 15742
11500 4988
7830 8890
12340 4170
11840 4702
9864 6726
8902 7788
6926 9736
5572 10986
13196 3424
16266 386
8746 7928
3316 13128
6260 10304
1008 15572
3830 12572
12534 4046
10236 6300
13444 3226
2308 14090
8640 8068
9892 6690
514 16124
9740 6912
62 16594
9504 7172
1662 14790
3790 12616
14950 1716
10036 6554
10700 5894
9728 6918
14758 1856
7924 8778
9432 7264
1166 15364
3636 12788
13298 3362
7380 9352
10036 6550
7954 8722
2494 13908
2776 13638
9332 7384
2878 13560
1970 14422
2492 13910
1076 15470
2176 14208
4060 12416
6586 9998
2456 13952
6194 10366
4116 12332
15352 1358
11414 5036
6558 10022
15420 1268
2418 13974
2524 13868
8320 8414
2130 14262
2146 14236
5470 11080
1860 14532
5006 11578
15112 1572
11172 5314
14484 2198
3680 12718
14154 2506
12678 3846
7934 8742
7622 9096
5688 10896
13038 3560
10302 6232
1814 14618
9582 7096
5826 10744
13284 3368
9360 7354
1624 14804
60 16606
8510 8234
13688 2942
13208 3416
1852 14534
8474 8276
15692 1036
16340 346
3306 13146
4526 11976
30 16618
6670 9960
11530 4968
9136 7594
3192 13260
8676 8030
14948 1716
202 16412
2818 13590
5430 11122
232 16400
8240 8498
16272 384
11174 5312
9494 7176
9406 7304
322 16310
2082 14310
12274 4238
6588 9984
32 16618
6992 9668
11542 4956
9628 7072
1392 15116
16436 272
1976 14408
7670 9028
10354 6170
3490 12926
9562 7120
6182 10368
8226 8526
6052 10484
14300 2364
10058 6504
8214 8532
7592 9114
7728 8964
12774 3794
1424 15066
8578 8160
10514 6046
3688 12712
15534 1162
2936 13456
250 16384
11860 4636
13350 3298
6326 10270
8788 7900
6016 10546
6126 10432
10258 6272
5636 10962
15862 834
11262 5180
14376 2274
4304 12162
13902 2688
11976 4516
8100 8614
15896 810
10712 5890
12456 4090
14048 2578
13524 3128
7324 9432
6954 9698
14904 1754
7596 9112
15572 1128
14756 1860
2998 13402
254 16378
9254 7504
14984 1696
894 15756
12630 3926
16228 458
2858 13578
12030 4490
1124 15430
15864 826
9750 6902
9808 6828
15480 1214
9840 6782
10172 6376
16518 172
8872 7798
8338 8382
630 15972
10514 6050
8198 8560
3508 12880
3978 12486
778 15866
11070 5438
6056 10476
8238 8512
10416 6102
1406 15096
3596 12804
4692 11822
14412 2254
15206 1502
14982 1698
7458 9242
4820 11698
6826 9808
7878 8816
6728 9908
158 16470
12648 3888
6350 10246
10686 5926
16010 698
12452 4110
4694 11820
13818 2768
9784 6852
3720 12684
12210 4294
5936 10626
9868 6724
3508 12882
14446 2212
8312 8424
8602 8124
4186 12286
1302 15208
11272 5178
3908 12516
1960 14436
6120 10440
1798 14622
10868 5666
5102 11480
10270 6266
5544 11010
8540 8214
1906 14494
7284 9454
12338 4188
7688 9006
308 16326
13968 2664
10742 5822
3272 13190
3412 13016
1516 14940
2486 13912
11598 4894
15652 1064
6352 10244
12894 3674
6470 10128
8738 7934
1194 15342
11176 5306
13442 3230
14248 2390
4240 12222
12108 4422
11820 4730
5228 11332
3092 13340
7476 9234
11796 4758
3522 12858
4380 12092
9912 6668
14224 2400
10250 6274
9534 7134
15078 1590
15578 1128
636 15968
3830 12574
3520 12866
10658 5954
2192 14198
3664 12732
7356 9390
14622 2032
15038 1636
10578 6006
11512 4984
14480 2204
13066 3542
10040 6540
1028 15552
7310 9448
15426 1258
16340 358
13678 2946
836 15794
4026 12430
13642 3002
6062 10476
14194 2426
11242 5192
3344 13104
1482 14978
4018 12450
1712 14728
7984 8692
6166 10388
922 15684
8148 8584
16096 626
12710 3820
3986 12468
13032 3562
820 15796
1928 14464
14606 2040
7488 9210
12374 4156
4588 11908
16458 240
11530 4968
12084 4454
11238 5202
6392 10216
9696 6986
1140 15422
4588 11906
15238 1460
15584 1126
6996 9666
5254 11260
2916 13498
13854 2718
13990 2654
7870 8824
6136 10414
1032 15546
9258 7492
7588 9124
7224 9510
10748 5818
5498 11060
12724 3816
14866 1780
6178 10386
12970 3608
15024 1660
2498 13902
13988 2658
5302 11208
4952 11606
11666 4854
10760 5796
12 16648
13544 3090
7528 9184
652 15960
15000 1668
11700 4810
3708 12696
8916 7786
2388 14016
3086 13348
14346 2290
5942 10620
5656 10948
13128 3488
13266 3382
14284 2376
1054 15520
9248 7504
16092 626
3860 12548
13340 3304
9098 7616
564 16092
1056 15516
9070 7634
4434 12058
14158 2498
9268 7454
4164 12294
9326 7384
12980 3598
2656 13752
9286 7426
1886 14506
496 16126
7828 8890
13744 2872
9632 7070
9464 7212
16642 48
16240 418
14528 2126
3114 13312
11014 5530
14034 2588
8658 8036
13316 3330
8248 8486
12890 3678
696 15942
4220 12232
12872 3704
7358 9374
15098 1576
12014 4498
11308 5122
11860 4632
3692 12700
872 15760
8618 8086
3708 12692
4010 12460
6422 10176
7562 9156
3292 13170
15032 1644
11242 5196
4090 12374
884 15758
9332 7384
14700 1912
5744 10826
5770 10808
10244 6282
8778 7908
4568 11940
11160 5342
7494 9208
15252 1440
13892 2698
3310 13138
6948 9708
10964 5554
11084 5416
3604 12800
6192 10368
9846 6762
9878 6712
6256 10304
4386 12090
9198 7542
10838 5704
13630 3008
5052 11536
7858 8836
6352 10238
4746 11788
1412 15078
13162 3448
10526 6024
16374 314
1546 14914
2306 14094
6360 10220
14284 2374
4250 12200
9862 6730
10556 6016
12184 4334
13310 3340
8544 8208
13256 3394
12560 3998
7114 9576
12056 4474
4058 12418
5954 10608
3338 13110
14360 2286
12120 4406
15456 1248
14600 2046
4780 11746
16016 684
8068 8650
740 15888
5648 10954
12394 4132
2110 14286
10796 5752
3204 13248
2654 13752
2242 14156
472 16176
15266 1428
13078 3538
11690 4826
10828 5718
282 16346
11062 5460
4134 12306
11540 4962
9550 7128
5736 10832
1842 14558
658 15952
2146 14236
15836 870
2592 13830
7592 9122
354 16280
10224 6310
8578 8170
14596 2060
958 15636
4944 11608
14144 2514
6426 10176
11624 4868
15714 996
3010 13394
15012 1662
13352 3294
11144 5362
10712 5888
3364 13082
16638 74
8992 7728
12508 4064
11806 4734
16258 404
16222 460
14574 2082
16456 262
9906 6672
2872 13574
5286 11222
7730 8952
13816 2768
10220 6320
9226 7514
9242 7508
15028 1658
12516 4054
746 15884
358 16270
14310 2342
16610 106
8514 8232
5398 11126
1290 15218
14640 2004
4678 11834
4204 12268
3894 12524
11520 4978
4122 12318
5776 10790
8838 7836
9778 6854
1938 14456
2284 14128
9460 7220
3538 12848
2310 14084
9700 6976
4016 12454
14346 2288
15948 762
9364 7352
11306 5126
15712 1004
4332 12120
11148 5362
8616 8096
14222 2404
2620 13810
9218 7530
11366 5078
9296 7420
1434 15058
13122 3502
6528 10064
7422 9272
7840 8878
28 16624
1772 14646
5200 11382
10940 5594
2122 14274
10106 6442
10136 6424
11618 4874
10176 6370
4256 12200
16414 292
12314 4210
4708 11810
990 15592
15012 1662
2090 14306
13776 2826
6862 9770
14634 2010
9742 6908
12860 3730
14548 2106
1268 15256
16078 652
15484 1212
13002 3580
9508 7166
4750 11784
16046 678
2922 13488
3742 12670
11396 5058
4122 12314
12910 3658
4634 11862
3474 12944
11566 4912
8480 8268
14666 1956
12790 3784
938 15662
11154 5348
8802 7890
14218 2406
11700 4822
11356 5078
3106 13324
12602 3952
4792 11738
2174 14216
14522 2132
13844 2730
8380 8340
6000 10574
15506 1172
16012 688
3302 13166
7698 8992
8278 8444
4304 12160
11630 4868
13392 3262
5832 10744
6394 10216
6066 10472
7154 9556
13444 3226
16522 166
16332 364
1748 14668
16336 360
8132 8586
15176 1530
956 15638
12242 4270
4670 11836
14976 1706
3470 12954
4514 11992
5520 11036
15134 1558
9452 7244
12668 3856
8612 8100
8488 8248
5174 11392
8452 8304
9216 7536
3434 12994
734 15916
1204 15314
9692 6994
4872 11660
7312 9434
1478 14982
8248 8480
4428 12072
3084 13360
4108 12354
7960 8718
10176 6368
11740 4788
12780 3788
14592 2062
12568 3998
4624 11876
1770 14658
978 15614
10380 6154
2706 13722
3010 13398
3120 13302
7792 8908
7120 9574
14736 1878
13874 2716
8858 7818
8574 8178
3956 12496
5090 11484
12318 4200
11084 5416
14922 1740
1710 14738
14448 2212
13658 2970
24 16624
14398 2264
4768 11752
11346 5082
1112 15438
5244 11276
15988 718
12654 3880
6856 9770
4222 12232
11622 4872
2930 13468
6708 9940
6524 10066
3836 12572
3104 13330
9052 7650
10418 6090
2682 13740
12912 3658
11724 4802
16644 40
1248 15272
16654 18
1564 14888
8214 8532
12528 4048
4440 12056
14712 1898
12482 4086
1826 14608
4276 12192
10418 6098
3624 12792
16132 554
3388 13036
13416 3252
14258 2384
5840 10710
2426 13968
6358 10230
2510 13890
10156 6388
11058 5472
6208 10366
9318 7388
6726 9912
4448 12046
4330 12122
16240 420
15832 888
5818 10758
8780 7908
1754 14662
9268 7476
10276 6260
8196 8560
15538 1150
13720 2918
2046 14338
13992 2654
13488 3182
11808 4734
14584 2076
2480 13942
9462 7214
10536 6020
5360 11154
14642 2004
3412 13020
10086 6466
14596 2052
7032 9632
3280 13176
16620 96
5568 10998
15392 1306
684 15942
14124 2526
15024 1658
7854 8860
5760 10816
11712 4806
2014 14374
8064 8654
14338 2292
12544 4026
278 16348
5802 10770
11498 4988
6454 10140
8866 7810
13684 2944
14202 2414
14082 2548
7374 9358
2626 13800
2034 14340
9502 7176
12688 3840
7744 8936
3586 12810
5516 11050
12174 4340
1404 15098
3796 12606
9870 6722
5556 11002
4100 12362
11798 4754
14890 1760
14156 2500
7946 8740
11328 5098
5150 11424
13726 2900
10730 5848
2946 13430
14450 2212
13576 3048
13650 2988
7184 9538
6128 10426
12986 3584
15054 1614
4890 11652
15730 976
6332 10264
7964 8714
9944 6638
1966 14436
6104 10450
16196 484
6182 10374
14926 1736
4818 11700
6946 9712
5700 10896
12822 3766
6550 10040
12966 3608
14446 2220
3936 12512
4662 11846
10388 6118
9290 7424
9274 7450
8716 7972
4552 11958
4120 12326
8208 8550
11668 4848
10648 5962
12878 3694
15394 1300
11208 5262
984 15604
1320 15198
1150 15390
5504 11054
16378 312
11056 5488
12906 3674
13116 3520
15730 972
13442 3230
10284 6244
1266 15258
9614 7074
2298 14108
8952 7770
11724 4798
8056 8656
6518 10070
2632 13766
7216 9522
12634 3916
9832 6782
2618 13818
5902 10650
14032 2602
5062 11528
7044 9622
13444 3218
4128 12314
3560 12824
16528 156
2318 14082
11076 5428
11604 4894
3710 12692
11732 4792
15628 1088
11858 4640
2082 14308
5316 11192
15632 1078
1122 15432
12472 4090
15856 840
15270 1424
7946 8734
2944 13432
11394 5062
10842 5694
15290 1404
7908 8788
9088 7620
5392 11128
11802 4740
12694 3836
6040 10502
6018 10534
8488 8248
10904 5640
8796 7898
332 16292
14500 2158
10828 5716
738 15892
16366 316
15028 1656
7690 9002
3880 12528
1852 14540
16152 544
3160 13288
16308 370
3094 13338
4668 11844
14090 2548
11052 5494
8486 8250
16634 84
13752 2864
3438 12992
1744 14676
1538 14926
15696 1034
7984 8692
15606 1114
11194 5278
8906 7788
3020 13388
1560 14900
9068 7634
2358 14042
9270 7450
846 15778
16600 114
12002 4506
8270 8462
2246 14154
10992 5534
10382 6140
2234 14164
2846 13580
14730 1886
15388 1308
1476 14986
12380 4144
7484 9228
792 15828
2624 13802
11868 4626
9080 7624
9724 6920
9588 7080
326 16306
6730 9908
15346 1362
5626 10972
13768 2832
2204 14180
4648 11846
12150 4380
7730 8954
9022 7698
12206 4294
10890 5660
14716 1896
2646 13758
14720 1896
6452 10142
224 16402
736 15904
4914 11622
7070 9618
13814 2780
6736 9906
4958 11598
490 16128
13370 3282
8828 7844
7260 9476
6176 10386
7630 9058
5336 11172
10274 6260
8370 8356
1506 14956
8602 8126
15182 1516
9874 6716
14026 2606
8450 8306
5206 11374
1924 14492
15828 892
15268 1424
11516 4980
6434 10154
10236 6298
14658 1958
13328 3320
198 16418
3086 13350
10066 6498
15462 1230
4186 12286
5108 11466
3522 12864
928 15664
1306 15202
9680 7010
3370 13076
14654 1980
954 15640
1826 14594
16344 340
12634 3914
6304 10280
8734 7936
3624 12794
15458 1238
12510 4054
14264 2382
15742 958
15288 1408
12134 4392
12358 4168
518 16122
13192 3432
2872 13576
3794 12614
732 15922
2388 14018
9864 6726
7112 9590
12138 4392
9030 7686
7416 9298
1028 15554
14698 1928
14910 1744
2718 13698
5118 11460
11942 4564
16216 464
4024 12444
13146 3464
7998 8690
15794 916
8098 8618
13536 3096
3954 12498
5852 10702
10214 6328
14480 2206
6028 10518
1836 14592
9446 7248
11148 5356
3222 13240
16660 8
3428 13004
2984 13408
8742 7934
14980 1698
12274 4238
11818 4732
15620 1094
15952 754
7454 9250
15790 920
3550 12836
3544 12842
9004 7718
1608 14810
1692 14752
14658 1958
14658 1958
6352 10234
11802 4736
1380 15124
9298 7412
9168 7564
3176 13268
13460 3206
2900 13508
9104 7612
1578 14858
14638 2010
8284 8440
1490 14962
3700 12696
4080 12392
1926 14464
5366 11150
16516 172
9540 7130
10098 6460
13630 3012
620 15996
7190 9536
7654 9048
9116 7602
12934 3644
16334 362
6038 10510
14704 1908
5052 11546
2936 13456
2132 14256
2838 13584
4844 11680
14890 1762
8088 8626
12244 4270
16072 652
562 16096
8974 7752
14016 2616
5644 10956
6106 10450
16200 482
738 15888
60 16608
7310 9444
14988 1694
4298 12166
634 15970
7842 8878
2794 13608
16150 548
10514 6048
5638 10960
2344 14046
3068 13368
14766 1840
8566 8178
11204 5264
574 16080
11494 4992
610 16022
6864 9768
8222 8526
11972 4526
1144 15416
3664 12728
12246 4256
3084 13356
6318 10272
6220 10346
16266 388
6016 10542
9260 7484
14334 2324
4556 11956
15298 1402
16540 154
10938 5596
5438 11112
3358 13092
6786 9868
2908 13504
11674 4842
7768 8912
3544 12840
12790 3782
11242 5196
9816 6826
9032 7678
2862 13576
10370 6158
1120 15436
2736 13686
12520 4050
3100 13336
13996 2654
10308 6226
12640 3912
7736 8946
12816 3768
4202 12270
6974 9672
1672 14768
3688 12706
1956 14438
3398 13028
9936 6646
1540 14922
13894 2690
5670 10942
10738 5830
14024 2610
1094 15450
4210 12246
1686 14762
14010 2624
13422 3246
6812 9846
15882 818
952 15644
11554 4932
12914 3654
15976 728
4912 11630
1194 15334
9242 7508
7774 8910
4816 11704
14336 2316
12584 3970
2940 13448
14326 2328
9092 7616
5604 10974
12186 4328
1330 15184
13090 3526
3596 12800
4596 11896
10958 5572
6794 9864
3230 13232
6072 10466
2782 13636
7200 9528
5574 10982
1666 14782
6008 10572
2274 14142
732 15918
1342 15172
6716 9926
14150 2512
6164 10390
2496 13906
850 15770
6332 10266
3754 12650
1148 15398
5374 11134
3636 12778
4462 12024
1282 15226
3192 13254
7590 9122
1894 14502
3106 13328
5412 11126
1742 14684
3516 12876
5814 10762
7534 9178
5054 11534
2758 13654
3228 13238
4680 11832
13480 3198
7398 9320
14300 2366
7726 8970
8332 8392
13376 3266
10784 5768
3212 13240
8932 7778
1868 14514
6502 10102
5080 11492
7690 9004
6814 9824
198 16420
12120 4416
13504 3164
14682 1936
11560 4932
4106 12354
15554 1134
15330 1382
8916 7786
15096 1580
11904 4602
16436 276
8682 8014
12260 4244
3876 12536
13938 2674
5458 11100
6522 10068
5836 10732
11700 4814
11276 5172
10290 6242
16220 462
3452 12982
2152 14234
5988 10590
8324 8406
1270 15236
5370 11142
10864 5676
6782 9872
2892 13520
7534 9178
10026 6564
4084 12388
1670 14774
1046 15528
10792 5754
14336 2292
14526 2132
8274 8448
11838 4716
1952 14440
5240 11284
14152 2510
7388 9338
14658 1958
7904 8790
16104 600
1890 14504
13920 2680
1218 15300
2512 13876
14384 2270
15366 1350
14018 2612
586 16056
10152 6408
15220 1482
8242 8496
8430 8324
1770 14650
2222 14176
1544 14920
9106 7606
13704 2932
1622 14804
10590 6002
5254 11260
13210 3414
5932 10630
16482 228
11390 5066
4614 11878
14226 2396
8218 8528
13452 3212
13124 3496
15224 1468
1244 15276
16456 244
8836 7836
10374 6154
8862 7810
15732 970
204 16412
6972 9676
5134 11450
16642 52
586 16052
8820 7858
15914 802
12386 4138
11044 5498
1138 15426
2968 13420
15782 920
9222 7516
16218 464
3810 12600
15486 1192
10052 6504
7340 9412
9960 6630
5496 11060
6960 9688
6410 10212
2916 13496
11848 4648
14848 1786
10666 5950
3364 13090
5236 11294
8680 8014
14480 2204
16400 302
9582 7088
8110 8604
7462 9236
14178 2454
12452 4114
186 16434
9566 7118
15044 1628
7650 9050
7498 9198
9800 6842
68 16592
8974 7762
16082 644
15282 1408
20 16626
7484 9220
14418 2242
12608 3932
6456 10134
4468 12018
8424 8328
11890 4612
16292 378
13158 3450
9218 7520
1260 15260
236 16394
12834 3758
198 16420
13806 2794
11922 4588
400 16226
2096 14296
1412 15080
14408 2256
7018 9652
1864 14522
2002 14386
11220 5220
1538 14926
12124 4406
14170 2468
16524 162
14734 1886
13372 3280
980 15610
11468 4998
9846 6758
9198 7546
15616 1098
4312 12150
5572 10988
5890 10654
11286 5154
6120 10438
1738 14686
5882 10666
7564 9148
6680 9946
14660 1958
13300 3350
8494 8246
5510 11050
3576 12814
12150 4384
14736 1878
2324 14078
11060 5470
1304 15206
16588 120
3882 12526
10190 6358
11204 5276
11002 5532
9882 6712
9030 7684
14626 2016
2934 13462
16 16632
5752 10824
1296 15212
4560 11954
6812 9844
1356 15130
9516 7162
1336 15178
9102 7614
3844 12562
5072 11504
9528 7142
13844 2736
11284 5162
16652 26
3762 12644
7342 9410
8540 8212
15702 1012
2434 13964
1064 15488
5044 11560
3568 12818
10356 6158
9042 7670
12704 3820
6846 9776
14954 1712
13052 3558
13498 3182
2028 14356
420 16212
5354 11158
8934 7772
1454 15024
9138 7592
4192 12278
2806 13602
8722 7946
5236 11298
6924 9736
4518 11988
5294 11212
272 16352
13828 2762
5488 11070
4404 12088
14012 2620
9342 7374
1146 15402
10444 6088
16586 124
14562 2090
6946 9726
7390 9338
12860 3724
14316 2338
13636 3004
1104 15442
3540 12844
12448 4124
14868 1776
15600 1114
12362 4162
10894 5652
11858 4646
12760 3804
4422 12084
10240 6294
8604 8124
418 16220
9416 7294
2354 14044
15740 960
7318 9432
15168 1538
9858 6742
6370 10220
8882 7794
5128 11452
420 16212
12248 4256
10138 6412
2068 14322
4348 12116
3478 12942
6844 9802
9566 7116
11734 4790
5742 10828
13270 3374
13846 2726
13978 2660
6014 10562
9218 7536
12918 3652
11842 4684
2896 13518
7572 9142
8524 8226
3888 12526
4464 12022
13680 2946
9552 7122
796 15826
10082 6470
13756 2852
9214 7540
16634 84
526 16122
5884 10664
4904 11634
6284 10284
16624 90
1852 14546
2246 14154
8850 7822
12960 3622
5166 11408
7396 9332
13498 3180
7150 9556
14798 1824
10412 6108
4958 11596
10094 6460
11988 4512
4270 12192
4356 12102
3632 12790
6272 10300
11072 5432
4710 11802
15838 864
7500 9192
5522 11032
8924 7786
4848 11674
3488 12926
9444 7248
7680 9020
3372 13070
2612 13822
15606 1112
5686 10896
11780 4760
8618 8088
6500 10102
15700 1016
960 15624
912 15710
7784 8908
298 16342
2200 14182
11224 5206
804 15814
5652 10950
1344 15172
11944 4562
8340 8378
14096 2546
9186 7556
6254 10306
6918 9744
1262 15258
3946 12502
8482 8262
4478 12008
12510 4056
6896 9756
1714 14708
1498 14956
6558 10030
6332 10266
7452 9252
5056 11534
5880 10670
10070 6494
1822 14618
3614 12798
12488 4076
3282 13176
2070 14316
10930 5602
1584 14846
2904 13506
13552 3078
172 16448
8656 8036
2402 13996
8574 8178
16138 548
14164 2474
11098 5390
2988 13406
8816 7870
3006 13400
10666 5934
6758 9892
14024 2612
12760 3806
11824 4724
8628 8084
13026 3564
15406 1286
2430 13966
6814 9824
4174 12288
1064 15502
622 15990
1636 14792
15806 906
16434 278
8048 8666
9664 7026
12864 3724
1830 14594
6208 10358
7494 9200
13300 3360
12632 3918
8016 8686
10278 6254
2970 13412
9002 7722
3506 12898
8280 8440
1494 14960
8684 7996
6156 10396
8662 8036
16196 488
146 16482
15102 1574
14830 1812
14530 2120
16580 126
15374 1332
8832 7844
12980 3590
3376 13062
2814 13590
9610 7080
9168 7564
11752 4784
3338 13112
5094 11484
3986 12470
12648 3884
4352 12110
1352 15142
14656 1980
574 16076
3168 13278
7652 9050
884 15758
6136 10416
6882 9764
12808 3776
10058 6502
8622 8086
11542 4956
3380 13056
10408 6112
1222 15298
4038 12430
9374 7340
14110 2534
8232 8522
16592 120
4910 11632
10690 5916
13398 3258
474 16160
1724 14706
16548 142
2288 14122
12252 4254
7098 9604
5582 10980
11622 4870
15898 810
1710 14732
8478 8268
1294 15218
2678 13744
5234 11304
13126 3490
15910 806
11228 5204
15098 1578
10148 6412
13096 3524
6890 9758
10292 6236
4518 11992
8766 7914
9962 6628
15224 1474
4766 11752
14482 2202
1260 15262
16648 38
6234 10338
12128 4400
13526 3104
9028 7696
11580 4904
15722 990
14940 1730
16152 546
15212 1494
3350 13098
15774 936
4588 11900
10016 6578
412 16226
6412 10210
10224 6316
8256 8478
5724 10862
4826 11692
12236 4272
8434 8318
16122 594
120 16502
11310 5120
14506 2152
4936 11612
16550 142
12090 4448
3368 13080
9308 7388
5738 10832
7590 9124
3858 12550
3660 12738
566 16088
214 16412
11090 5412
11022 5518
14494 2172
2278 14134
7664 9032
12662 3872
5452 11100
12840 3754
14722 1892
9698 6980
15380 1316
10560 6012
8104 8606
15700 1016
15378 1318
12640 3904
13076 3540
11106 5380
6050 10486
16170 516
2786 13632
11998 4510
9196 7550
8130 8590
11690 4824
7696 8996
6494 10118
8026 8682
11062 5466
13518 3136
7864 8826
5060 11530
10030 6562
10524 6032
552 16098
12140 4390
10026 6564
8712 7976
10770 5780
11674 4848
14012 2624
1930 14462
16154 532
14800 1818
9494 7176
1330 15180
14436 2224
6214 10346
9892 6690
12314 4214
2068 14326
10674 5926
8680 8016
15458 1244
9392 7316
7232 9506
5464 11090
7854 8864
3172 13276
6712 9928
14832 1808
16180 498
16416 286
474 16154
3520 12866
14436 2226
5948 10612
3792 12614
104 16526
15716 996
6192 10368
7054 9622
11634 4864
10116 6440
15990 710
15828 890
7196 9532
2502 13900
2918 13494
15420 1266
16384 310
15034 1638
13090 3526
13074 3540
3456 12970
6720 9916
8264 8466
5618 10972
5486 11072
12472 4088
15850 844
3286 13176
10150 6412
6142 10412
8400 8332
1162 15368
14762 1850
168 16456
6418 10178
14064 2568
10930 5612
9436 7260
138 16490
7542 9172
6818 9816
4296 12166
10800 5738
6414 10208
7184 9540
7586 9126
3310 13142
14256 2386
11798 4754
250 16380
680 15944
6346 10254
11282 5166
15230 1462
13502 3172
1098 15448
6830 9804
8682 7998
3764 12630
4642 11852
7862 8832
4762 11760
8844 7832
14414 2248
6748 9904
3828 12594
14530 2124
7676 9022
10722 5882
16394 308
4242 12222
16164 524
11496 4988
14634 2012
904 15722
10136 6424
10620 5976
9718 6942
14748 1866
7982 8698
13952 2668
11814 4734
9050 7652
8632 8078
2334 14064
13574 3050
15198 1502
1380 15120
8354 8362
7708 8986
9152 7568
544 16104
5646 10956
12816 3766
8736 7934
11218 5230
12734 3810
12260 4244
15850 850
5004 11580
10972 5540
1568 14882
12316 4202
6882 9762
16238 426
9884 6694
7928 8770
12908 3672
15184 1504
5734 10842
12014 4502
4568 11950
7380 9346
16528 156
11978 4516
8670 8034
5772 10796
2530 13856
14536 2112
2360 14032
3336 13112
4750 11788
9668 7020
9112 7606
16640 68
10508 6052
5362 11150
4398 12090
2498 13906
11132 5372
14034 2588
4058 12418
7046 9622
8884 7794
12604 3952
1562 14890
13508 3142
12834 3760
14564 2088
7656 9044
8682 8014
6578 10008
12606 3942
2700 13728
3416 13014
280 16348
8978 7746
146 16480
9018 7700
8422 8330
9006 7712
770 15868
10208 6330
8138 8586
12584 3970
15248 1448
9084 7622
7028 9634
8824 7850
222 16406
16206 468
1744 14678
798 15822
15828 896
7414 9312
15414 1276
5104 11470
4266 12194
11052 5490
5862 10698
2764 13648
1570 14876
12046 4488
1372 15126
2810 13598
4210 12256
16164 522
2170 14222
11302 5138
3358 13090
1530 14930
16564 128
12764 3802
6940 9728
8642 8066
5240 11290
6946 9716
8086 8638
5508 11052
840 15790
9822 6824
1926 14486
12018 4498
6544 10050
16194 490
116 16518
5160 11422
15708 1010
16546 142
2272 14148
9860 6738
10826 5720
7216 9512
8288 8434
12202 4298
9946 6636
4554 11956
15724 990
16130 560
8820 7852
1152 15374
1966 14426
1556 14914
9374 7342
4578 11922
15458 1236
4058 12422
5052 11540
15358 1354
9480 7182
11774 4764
15070 1596
14736 1884
3132 13298
2750 13670
10226 6308
4494 12000
10008 6606
4088 12376
15778 924
3850 12552
8464 8300
4046 12428
4814 11724
1794 14626
10478 6060
9638 7052
2440 13956
3446 12990
13744 2868
10696 5914
9610 7076
1052 15524
6134 10422
10616 5982
11138 5364
2508 13892
84 16582
14992 1674
2666 13750
8772 7910
12082 4460
15280 1416
16078 652
9850 6746
378 16254
15032 1652
10594 5996
696 15938
6006 10574
14216 2414
13216 3410
15308 1400
2784 13636
1486 14970
8818 7868
3682 12716
16242 414
7342 9406
3786 12624
9338 7380
16216 466
10840 5704
11710 4808
3312 13132
10698 5904
4302 12162
15834 874
9376 7334
10974 5538
288 16344
1698 14744
6114 10444
464 16184
14744 1868
11910 4600
11516 4978
10688 5918
9546 7130
5748 10826
5134 11438
5228 11328
11968 4528
10790 5756
2350 14044
3408 13024
576 16076
13304 3344
332 16302
3248 13208
11702 4808
590 16052
14066 2564
5120 11456
5390 11132
13324 3330
10532 6020
16420 284
10138 6412
8956 7764
5372 11138
13120 3504
6378 10218
10912 5640
5840 10730
7888 8804
7874 8824
11272 5172
9708 6970
5674 10938
302 16338
16518 170
3414 13016
11290 5150
8982 7732
10620 5976
12338 4176
9634 7058
8062 8654
6592 9984
6694 9942
11524 4976
7762 8918
3756 12646
1066 15482
4614 11878
9526 7146
2940 13452
6336 10260
15180 1518
8126 8600
14592 2060
5930 10638
2912 13500
13574 3058
892 15756
5466 11084
3420 13008
15362 1354
14068 2564
6246 10314
4532 11968
2818 13588
2530 13866
10930 5614
474 16162
9162 7566
3850 12554
6082 10462
896 15736
15144 1548
6276 10296
5746 10826
14598 2048
6044 10492
15688 1040
11616 4876
6408 10212
14932 1730
2298 14098
14558 2092
13142 3472
460 16186
9764 6880
7102 9594
4922 11616
4422 12078
9042 7666
1562 14898
1962 14436
10506 6056
158 16464
14168 2474
14962 1708
3406 13026
11874 4616
15922 800
12326 4192
7934 8742
4190 12280
1120 15434
14888 1762
9786 6846
1254 15268
3982 12480
4218 12246
12980 3586
3074 13368
13572 3066
7252 9492
11846 4662
10048 6512
16432 282
15340 1374
542 16114
3964 12492
1716 14708
8558 8194
2970 13412
7582 9130
15886 812
362 16270
11932 4576
8564 8190
3492 12916
298 16338
4952 11604
3568 12820
12224 4280
15206 1498
16098 618
6314 10274
3090 13348
13938 2674
7552 9164
5180 11388
3938 12510
15610 1100
1774 14646
1710 14732
5682 10924
3732 12674
14952 1714
15028 1654
3270 13192
6812 9838
6452 10144
10466 6080
8860 7814
15500 1174
4638 11858
4120 12320
13952 2668
4710 11804
8966 7764
9802 6834
10924 5638
14192 2434
7706 8988
3116 13312
16188 492
11548 4954
11960 4540
2520 13872
5760 10818
12526 4048
3650 12764
5792 10786
13746 2868
5804 10768
15492 1180
9824 6814
9958 6630
10648 5958
16150 548
7528 9182
5834 10734
10074 6482
1576 14866
15256 1436
3986 12480
914 15706
10928 5622
13998 2652
15640 1072
14964 1706
13714 2924
9688 6996
8330 8392
7644 9054
4234 12224
8698 7992
700 15938
10290 6244
14052 2578
1058 15504
11450 5024
7398 9332
3104 13336
1872 14512
2146 14236
3120 13310
6068 10470
3728 12676
7392 9334
11946 4546
8566 8182
15880 822
13078 3540
7738 8940
10326 6212
11968 4528
94 16540
12392 4132
11478 4992
444 16192
924 15680
13886 2708
1434 15058
1322 15184
3090 13344
6462 10132
13192 3428
11200 5276
4428 12074
4172 12288
6966 9680
15630 1084
914 15706
13268 3378
6824 9816
12784 3786
9152 7570
14820 1812
15540 1140
2362 14032
7412 9312
14842 1798
3416 13014
9982 6624
474 16156
15946 780
13130 3488
8596 8148
12106 4440
13440 3236
5296 11210
1358 15130
5176 11388
2876 13568
356 16278
