100
72 304
272 128
324 172
80 278
270 124
312 150
48 308
182 16
264 120
76 286
102 240
302 148
158 196
148 214
144 228
32 312
92 276
204 30
148 220
168 178
96 254
300 144
188 24
150 208
134 236
92 262
240 82
262 120
176 12
16 318
154 206
92 270
312 156
14 320
216 54
254 94
108 240
160 190
158 202
16 316
90 276
144 222
206 30
92 262
182 18
200 28
74 288
214 48
188 20
132 236
324 172
214 50
238 72
174 2
156 204
124 238
144 224
262 118
272 128
2 330
122 238
288 138
208 36
220 60
110 240
296 142
34 312
52 304
308 150
170 174
216 52
48 312
74 302
288 132
190 28
212 38
322 170
286 128
148 216
150 208
252 84
158 194
202 30
38 312
122 238
252 94
232 70
166 186
256 106
176 12
260 110
312 156
178 16
96 242
162 186
170 178
24 314
214 44
198 28
314 166
